33963
34988
29446
35734
35154
35782
42977
43888
37277
27891
33944
36287
32874
32451
32926
33619
32168
24254
27187
26400
35088
24422
32707
22161
21698
24249
20324
26447
23233
21837
24290
27106
22875
23652
21468
26006
24021
20737
20207
25730
20743
21045
19726
17519
17846
20209
21535
19765
17796
18626
16711
18671
19278
21225
18104
16985
21119
20200
16557
18803
18653
17564
17143
17194
16947
16550
16653
14516
17375
15118
15666
15639
15876
15445
15275
14912
16022
15310
15613
14987
15902
14597
12412
13882
14631
16931
16532
13206
15936
14599
15661
13882
12481
14722
13759
13047
14065
14056
15043
12668
