6.289444444444444
6.479259259259259
5.452962962962963
6.617407407407407
6.51
6.626296296296296
7.958703703703704
8.127407407407407
6.903148148148148
5.165
6.285925925925926
6.719814814814815
6.087777777777778
6.009444444444444
6.097407407407408
6.225740740740741
5.957037037037037
4.491481481481482
5.03462962962963
4.888888888888889
6.497777777777777
4.522592592592592
6.056851851851852
4.103888888888889
4.018148148148148
4.490555555555556
3.7637037037037038
4.897592592592592
4.302407407407407
4.043888888888889
4.4981481481481485
5.019629629629629
4.236111111111111
4.38
3.9755555555555557
4.815925925925926
4.448333333333333
3.8401851851851854
3.742037037037037
4.764814814814815
3.841296296296296
3.897222222222222
3.6529629629629627
3.2442592592592594
3.3048148148148146
3.7424074074074074
3.987962962962963
3.660185185185185
3.2955555555555556
3.4492592592592595
3.0946296296296296
3.4575925925925928
3.57
3.9305555555555554
3.352592592592593
3.14537037037037
3.910925925925926
3.740740740740741
3.0661111111111112
3.482037037037037
3.4542592592592594
3.2525925925925927
3.1746296296296297
3.1840740740740743
3.138333333333333
3.064814814814815
3.0838888888888887
2.688148148148148
3.2175925925925926
2.7996296296296297
2.901111111111111
2.8961111111111113
2.94
2.8601851851851854
2.8287037037037037
2.7614814814814816
2.967037037037037
2.835185185185185
2.8912962962962965
2.7753703703703705
2.9448148148148148
2.703148148148148
2.2985185185185184
2.5707407407407405
2.7094444444444443
3.1353703703703704
3.0614814814814815
2.4455555555555555
2.951111111111111
2.7035185185185187
2.900185185185185
2.5707407407407405
2.3112962962962964
2.7262962962962964
2.5479629629629628
2.4161111111111113
2.60462962962963
2.602962962962963
2.785740740740741
2.345925925925926
