-22205.0
-23395.0
-18413.0
-23533.0
-22941.0
-23883.0
-29729.0
-28924.0
-24909.0
-16891.0
-21333.0
-24087.0
-21093.0
-20986.0
-19980.0
-21268.0
-20533.0
-13269.0
-16330.0
-16098.0
-21996.0
-14113.0
-18764.0
-12448.0
-12145.0
-13641.0
-10969.0
-15277.0
-13373.0
-12276.0
-14546.0
-15960.0
-12861.0
-13833.0
-10909.0
-13934.0
-13006.0
-11073.0
-10944.0
-12903.0
-11155.0
-11337.0
-10131.0
-8416.0
-8934.0
-10402.0
-11195.0
-10217.0
-7667.0
-9716.0
-7713.0
-9373.0
-10057.0
-10286.0
-7171.0
-8274.0
-10308.0
-10330.0
-7220.0
-9264.0
-7672.0
-8264.0
-7597.0
-8488.0
-7930.0
-6903.0
-7678.0
-6437.0
-8122.0
-6426.0
-6893.0
-7186.0
-7536.0
-5792.0
-7139.0
-6346.0
-7026.0
-7056.0
-6851.0
-6567.0
-6293.0
-6364.0
-4958.0
-5381.0
-5659.0
-6483.0
-6267.0
-5608.0
-6761.0
-6126.0
-6612.0
-5478.0
-5068.0
-5257.0
-5714.0
-5370.0
-5487.0
-5315.0
-5139.0
-5051.0
